Material:
  AlbedoColor: [0.800000012, 0.800000012, 0.800000012]
  Metallic: 0.5
  Emission: 0
  Roughness: 0.5
  DepthScale: 0.00100000005
  AlbedoTextureToggle: 1
  NormalTextureToggle: 1
  RoughnessTextureToggle: 0
  MetallicTextureToggle: 1
  DepthTextureToggle: 0
  AlbedoTexture: 170672768
  NormalTexture: 2847800063
  MetallicTexture: 3190248540
  RoughnessTexture: 0
  DepthTexture: 0