Material:
  AlbedoColor: [0.800000012, 0.800000012, 0.800000012]
  Metallic: 0.5
  Emission: 0
  Roughness: 1
  DepthScale: 0.00100000005
  AlbedoTextureToggle: 1
  NormalTextureToggle: 1
  RoughnessTextureToggle: 0
  MetallicTextureToggle: 1
  DepthTextureToggle: 0
  AlbedoTexture: 1280946879
  NormalTexture: 1339646592
  MetallicTexture: 3961875983
  RoughnessTexture: 0
  DepthTexture: 0