Material:
  AlbedoColor: [0.800000012, 0.800000012, 0.800000012]
  Metallic: 0.5
  Emission: 0
  Roughness: 0
  DepthScale: 0.00100000005
  TilingFactor: 1
  AlbedoTextureToggle: 1
  NormalTextureToggle: 1
  RoughnessTextureToggle: 1
  MetallicTextureToggle: 1
  DepthTextureToggle: 0
  AoTextureToggle: 1
  AlbedoTexture: 1691441168
  NormalTexture: 248437274
  MetallicTexture: 1977526732
  RoughnessTexture: 1205302093
  DepthTexture: 0
  AoTexture: 695138335