Material:
  AlbedoColor: [0.800000012, 0.800000012, 0.800000012]
  Metallic: 0
  Emission: 0
  Roughness: 0.977999985
  DepthScale: 0.00100000005
  AlbedoTextureToggle: 1
  NormalTextureToggle: 1
  RoughnessTextureToggle: 0
  MetallicTextureToggle: 1
  DepthTextureToggle: 0
  AlbedoTexture: 2592160278
  NormalTexture: 2788124441
  MetallicTexture: 2323962980
  RoughnessTexture: 0
  DepthTexture: 0