Material:
  AlbedoColor: [0.800000012, 0.800000012, 0.800000012]
  Metallic: 0.5
  Emission: 0
  Roughness: 0.5
  DepthScale: 0.00100000005
  AlbedoTextureToggle: 1
  NormalTextureToggle: 1
  RoughnessTextureToggle: 1
  MetallicTextureToggle: 1
  DepthTextureToggle: 0
  AlbedoTexture: 2742404178
  NormalTexture: 4206310016
  MetallicTexture: 876725249
  RoughnessTexture: 3401244051
  DepthTexture: 0